name,t90,t90_error,t50,t50_error,
GRB080714086,5.376,2.360,2.816,0.810,
GRB080714425,40.192,1.145,11.776,1.619,
GRB080714745,59.649,11.276,25.088,7.940,
GRB080715950,7.872,0.272,6.144,0.264,
GRB080717543,36.608,2.985,13.056,0.810,
GRB080719529,16.128,17.887,8.448,1.280,
GRB080723557,58.369,1.985,40.513,0.231,
GRB080723913,0.192,0.345,0.064,0.143,
GRB080723985,42.816,0.659,25.280,0.405,
GRB080724401,379.397,2.202,348.421,0.923,
GRB080725435,25.920,1.208,10.048,0.320,
GRB080725541,0.960,1.292,0.316,0.178,
GRB080727964,89.089,6.476,21.504,2.290,
GRB080730520,17.408,6.229,4.096,1.448,
GRB080730786,13.312,4.222,4.096,1.448,
GRB080802386,0.576,0.091,0.448,0.091,
GRB080803772,26.240,1.691,11.072,0.462,
GRB080804456,521.862,4.291,448.901,1.864,
GRB080804972,24.704,1.460,10.432,0.429,
GRB080805496,29.440,3.566,17.408,1.846,
GRB080805584,65.665,14.676,23.808,1.202,
GRB080806584,2.304,0.453,0.960,0.202,
GRB080806896,75.777,4.185,28.032,1.382,
GRB080807993,19.072,0.181,15.808,0.143,
GRB080808451,4.352,0.832,2.048,0.640,
GRB080808565,17.728,1.489,5.248,0.320,
GRB080808772,210.178,5.976,64.769,2.290,
GRB080809808,28.160,2.896,12.800,2.290,
GRB080810549,75.201,3.638,32.768,1.379,
GRB080812889,15.040,0.462,7.488,0.286,
GRB080815917,0.832,0.320,0.384,0.181,
GRB080816503,64.769,1.810,23.296,0.572,
GRB080816989,4.608,0.453,0.896,0.580,
GRB080817161,60.289,0.466,16.064,0.202,
GRB080817720,4.416,0.363,1.536,0.345,
GRB080818579,59.329,8.749,33.852,1.491,
GRB080818945,13.376,0.410,6.080,0.466,
GRB080821332,5.888,0.264,1.920,0.181,
GRB080823363,43.456,1.717,15.424,0.842,
GRB080824909,7.424,2.005,2.752,0.231,
GRB080825593,20.992,0.231,12.160,0.091,
GRB080828189,3.008,3.329,1.280,0.202,
GRB080829790,7.680,0.377,3.520,0.264,
GRB080830368,40.897,5.069,9.088,0.724,
GRB080831053,0.576,1.168,0.064,0.631,
GRB080831921,74.497,1.243,50.689,1.056,
GRB080904886,17.344,1.385,4.608,0.373,
GRB080905499,0.960,0.345,0.704,0.143,
GRB080905570,26.624,2.896,9.211,2.287,
GRB080905705,105.984,6.802,78.336,1.056,
GRB080906212,2.875,0.767,1.280,0.362,
GRB080912360,16.384,2.896,5.114,2.415,
GRB080913735,41.217,7.281,10.240,3.238,
GRB080916009,62.977,0.810,32.000,0.724,
GRB080916406,46.337,7.173,18.432,0.810,
GRB080919790,0.512,0.405,0.128,0.091,
GRB080920268,113.921,3.125,51.457,2.673,
GRB080924766,39.937,4.222,13.307,1.444,
GRB080925775,31.744,3.167,9.216,1.448,
GRB080927480,45.313,3.083,11.520,1.950,
GRB080928628,14.336,4.007,8.704,0.810,
GRB081003644,50.177,3.692,17.408,1.448,
GRB081006604,6.400,0.923,2.301,0.571,
GRB081006872,3.328,1.305,1.536,0.810,
GRB081008832,126.722,2.360,107.266,1.619,
GRB081009140,41.345,0.264,2.688,0.091,
GRB081009690,34.560,2.064,13.824,0.572,
GRB081012045,1.216,1.748,0.512,0.362,
GRB081012549,30.721,5.615,6.912,0.724,
GRB081017474,28.416,2.757,8.448,1.619,
GRB081021398,26.112,3.974,10.496,1.145,
GRB081022364,17.152,3.727,5.376,1.305,
GRB081024245,0.832,1.282,0.512,0.231,
GRB081024851,56.065,2.064,24.320,1.086,
GRB081024891,0.640,0.264,0.384,0.181,
GRB081025349,22.528,0.724,16.384,0.923,
GRB081028538,13.312,1.280,2.816,0.362,
GRB081101167,9.984,9.051,4.096,1.086,
GRB081101491,0.128,0.091,0.064,0.091,
GRB081101532,8.256,0.889,4.416,0.320,
GRB081102365,1.728,0.231,1.216,0.143,
GRB081102739,34.816,2.415,17.152,1.493,
GRB081105614,1.280,1.368,0.128,0.091,
GRB081107321,1.664,0.234,0.896,0.143,
GRB081109293,58.369,5.221,17.408,2.290,
GRB081110601,11.776,2.573,4.608,1.056,
GRB081113230,0.576,1.350,0.320,0.143,
GRB081115891,0.320,0.653,0.192,0.264,
GRB081118876,20.736,1.379,4.608,0.724,
GRB081119184,0.320,0.680,0.192,0.231,
GRB081120618,25.344,0.923,4.608,0.572,
GRB081121858,41.985,8.510,9.472,1.145,
GRB081122520,23.296,2.111,13.568,0.362,
GRB081122614,0.192,0.091,0.128,0.091,
GRB081124060,19.456,1.086,9.728,0.724,
GRB081125496,9.280,0.607,3.200,0.181,
GRB081126899,54.145,0.923,31.233,0.362,
GRB081129161,62.657,7.318,16.384,2.290,
GRB081130212,2.240,1.002,1.280,0.905,
GRB081130629,39.169,3.620,4.608,5.400,
GRB081204004,7.424,1.846,1.280,0.923,
GRB081204517,0.192,0.286,0.128,0.091,
GRB081206275,24.576,5.724,10.752,0.724,
GRB081206604,7.936,4.382,3.072,1.619,
GRB081206987,22.528,2.919,5.888,0.923,
GRB081207680,97.281,2.347,35.905,0.462,
GRB081209981,0.192,0.143,0.128,0.143,
GRB081213173,0.256,0.286,0.192,0.202,
GRB081215784,5.568,0.143,3.392,0.091,
GRB081215880,7.680,2.064,5.632,0.724,
GRB081216531,0.768,0.429,0.128,0.091,
GRB081217983,29.696,12.892,7.424,0.724,
GRB081221681,29.697,0.410,7.488,0.143,
GRB081222204,18.880,2.318,4.672,0.231,
GRB081223419,0.576,0.143,0.256,0.143,
GRB081224887,16.448,1.159,4.672,0.202,
GRB081225257,41.217,5.667,14.592,0.923,
GRB081226044,0.832,1.032,0.320,0.264,
GRB081226156,83.713,2.769,45.313,1.379,
GRB081226509,0.192,0.143,0.128,0.143,
GRB081229187,0.768,0.724,0.256,0.572,
GRB081229675,0.032,0.045,0.016,0.045,
GRB081230871,0.512,0.272,0.256,0.202,
GRB081231140,28.736,2.611,16.832,0.462,
GRB090101758,108.802,1.619,6.144,0.724,
GRB090102122,26.624,0.810,9.728,0.572,
GRB090107681,18.432,2.896,9.212,1.445,
GRB090108020,0.704,0.143,0.256,0.091,
GRB090108322,0.192,0.143,0.128,0.143,
GRB090109332,1.728,0.820,0.512,0.202,
GRB090112332,58.369,4.783,24.320,2.064,
GRB090112729,14.080,5.126,4.864,0.362,
GRB090113778,17.408,3.238,6.141,1.446,
GRB090117335,27.264,1.286,25.152,0.320,
GRB090117632,86.017,2.862,46.337,2.111,
GRB090117640,15.552,4.580,2.240,2.084,
GRB090120627,1.856,0.181,1.024,0.143,
GRB090126227,5.632,0.810,2.816,0.572,
GRB090126245,0.960,0.231,0.640,0.143,
GRB090129880,16.640,3.328,6.144,2.290,
GRB090131090,35.073,1.056,22.272,0.362,
GRB090202347,12.608,0.345,5.376,0.181,
GRB090206620,0.320,0.143,0.128,0.143,
GRB090207777,24.832,3.899,7.424,0.923,
GRB090213236,20.224,6.192,12.032,3.114,
GRB090217206,33.281,0.724,9.728,0.362,
GRB090219074,0.448,0.272,0.256,0.345,
GRB090222179,17.408,3.238,8.192,1.448,
GRB090225009,2.176,2.833,1.600,0.286,
GRB090227310,16.189,0.831,7.424,1.056,
GRB090227772,0.304,0.023,0.096,0.023,
GRB090228204,0.448,0.143,0.128,0.091,
GRB090228976,7.936,1.379,3.584,1.145,
GRB090301315,23.296,2.064,5.632,0.572,
GRB090304216,2.816,0.923,2.048,0.572,
GRB090305052,1.856,0.580,0.448,0.091,
GRB090306245,27.904,14.857,11.264,2.573,
GRB090307167,29.440,1.810,18.432,1.846,
GRB090308734,1.664,0.286,0.576,0.091,
GRB090309767,56.513,5.146,8.896,0.916,
GRB090310189,116.930,1.056,57.089,4.783,
GRB090316311,10.240,1.557,5.632,0.572,
GRB090319622,54.785,2.202,25.600,1.086,
GRB090320045,2.368,0.272,1.344,0.231,
GRB090320418,7.936,1.296,2.624,0.792,
GRB090320801,29.184,4.536,10.240,4.382,
GRB090323002,133.890,0.572,46.081,0.923,
GRB090326633,16.128,3.208,6.656,0.724,
GRB090327404,14.080,1.379,5.888,0.810,
GRB090328401,61.697,1.810,14.592,0.572,
GRB090328713,0.192,1.032,0.128,0.143,
GRB090330279,75.265,1.379,19.456,0.572,
GRB090331681,0.832,0.143,0.704,0.181,
GRB090403314,14.848,1.846,6.656,0.810,
GRB090405663,0.448,1.498,0.192,0.231,
GRB090409288,30.337,2.796,12.736,1.920,
GRB090411838,21.501,3.237,9.216,1.448,
GRB090411991,14.336,1.086,6.912,0.724,
GRB090412061,0.896,0.264,0.128,0.091,
GRB090413122,32.513,4.360,9.216,4.104,
GRB090418816,0.320,0.405,0.256,0.202,
GRB090419997,184.323,3.806,60.161,0.724,
GRB090422150,9.216,0.362,8.448,0.362,
GRB090423330,7.168,2.415,3.072,1.280,
GRB090424592,14.144,0.264,3.072,0.091,
GRB090425377,75.393,2.450,9.344,0.286,
GRB090426066,16.128,5.152,4.096,1.056,
GRB090426690,7.488,2.496,1.984,0.272,
GRB090427644,1.024,0.362,0.256,0.572,
GRB090427688,12.288,1.280,6.400,0.572,
GRB090428441,3.968,1.506,1.152,0.716,
GRB090428552,31.488,11.846,7.168,1.493,
GRB090429530,14.336,4.007,5.628,0.571,
GRB090429753,0.640,0.466,0.256,0.143,
GRB090502777,66.048,1.619,41.984,0.572,
GRB090509215,282.372,3.167,242.691,2.360,
GRB090510016,0.960,0.138,0.256,0.143,
GRB090510325,7.424,1.717,3.328,0.923,
GRB090511684,7.616,1.605,2.496,0.320,
GRB090513916,25.280,7.146,11.008,1.691,
GRB090513941,11.776,2.064,6.400,1.280,
GRB090514006,43.521,1.739,26.240,1.105,
GRB090514726,2.240,0.286,0.636,0.140,
GRB090514734,54.401,4.077,18.688,1.086,
GRB090516137,110.594,4.199,34.816,1.493,
GRB090516353,123.138,2.064,47.617,1.145,
GRB090516853,14.464,3.093,6.173,1.469,
GRB090518080,2.048,0.410,0.960,0.181,
GRB090518244,6.784,1.000,3.072,1.145,
GRB090519462,91.329,3.692,31.936,1.448,
GRB090519881,74.177,5.177,26.625,1.145,
GRB090520832,0.768,0.834,0.256,0.181,
GRB090520850,3.776,0.923,2.048,0.572,
GRB090520876,30.657,0.859,7.104,0.528,
GRB090522344,20.288,6.262,5.184,0.590,
GRB090524346,54.337,0.870,37.121,0.264,
GRB090528173,35.905,2.187,17.408,0.604,
GRB090528516,79.041,1.088,31.553,0.320,
GRB090529310,3.072,0.362,1.792,0.572,
GRB090529564,9.853,0.179,8.576,0.091,
GRB090530760,157.699,2.862,60.673,0.724,
GRB090531775,0.768,0.231,0.384,0.231,
GRB090602564,20.736,7.209,7.168,1.086,
GRB090606471,8.064,1.262,5.568,0.771,
GRB090608052,21.504,2.290,6.144,1.448,
GRB090610648,6.144,8.136,1.280,0.724,
GRB090610723,146.434,4.419,107.266,15.414,
GRB090610883,7.424,1.639,3.584,0.724,
GRB090612619,37.120,1.717,9.216,6.661,
GRB090616157,1.152,1.168,0.512,0.231,
GRB090617208,0.192,0.143,0.064,0.091,
GRB090618353,112.386,1.086,23.808,0.572,
GRB090620400,13.568,0.724,3.840,0.362,
GRB090620901,0.960,0.272,0.448,0.231,
GRB090621185,106.754,14.373,31.744,2.429,
GRB090621417,27.009,6.136,17.344,2.862,
GRB090621447,26.112,5.655,16.896,0.923,
GRB090621922,0.384,1.032,0.128,0.091,
GRB090623107,47.105,2.573,21.248,1.379,
GRB090623913,7.168,3.114,3.328,0.724,
GRB090625234,14.336,0.923,7.232,0.572,
GRB090625560,13.056,1.145,3.584,0.923,
GRB090626189,48.897,2.828,31.233,0.362,
GRB090626707,,,,,
GRB090629543,20.480,4.762,9.728,1.493,
GRB090630311,2.880,0.320,0.960,0.181,
GRB090701225,4.160,0.692,1.344,1.159,
GRB090703329,8.960,1.864,3.072,0.923,
GRB090704242,69.889,5.724,32.257,1.493,
GRB090704783,19.456,2.064,7.936,1.379,
GRB090706283,57.857,7.442,25.344,1.950,
GRB090708152,21.248,3.167,7.680,1.619,
GRB090709630,22.272,9.230,4.096,0.810,
GRB090711850,51.969,2.560,23.552,2.290,
GRB090712160,94.722,6.700,28.672,2.290,
GRB090713020,82.817,2.318,27.392,0.429,
GRB090717034,65.537,1.557,43.009,0.572,
GRB090717111,0.384,0.181,0.192,0.143,
GRB090718720,76.481,3.416,31.680,2.085,
GRB090718762,23.744,0.802,8.448,0.231,
GRB090719063,11.392,0.466,3.904,0.143,
GRB090720276,4.480,1.086,1.597,0.407,
GRB090720710,10.752,1.056,6.144,0.572,
GRB090725838,13.760,1.229,8.448,0.859,
GRB090726218,7.680,0.724,3.840,0.572,
GRB090730608,9.088,1.680,3.648,0.320,
GRB090802235,0.048,0.023,0.016,0.023,
GRB090802666,27.520,6.192,11.968,0.659,
GRB090804940,5.568,0.362,2.560,0.143,
GRB090805622,46.592,2.318,20.480,1.448,
GRB090807832,17.920,2.757,8.192,2.573,
GRB090809978,11.008,0.320,3.776,0.091,
GRB090810659,125.182,1.846,76.289,0.923,
GRB090810781,62.977,11.865,19.712,1.895,
GRB090811696,14.848,1.145,12.800,0.810,
GRB090813174,7.552,0.362,5.888,0.286,
GRB090814368,0.192,0.045,0.128,0.072,
GRB090814950,108.610,8.816,52.673,2.790,
GRB090815300,48.385,1.086,20.224,1.280,
GRB090815438,30.465,3.566,17.404,0.810,
GRB090815946,245.508,17.169,189.955,2.757,
GRB090817036,52.417,10.657,13.312,2.111,
GRB090819607,0.192,0.202,0.064,0.091,
GRB090820027,12.416,0.181,4.480,0.091,
GRB090820509,15.296,4.610,10.301,0.602,
GRB090823133,58.113,4.404,38.657,2.986,
GRB090824918,59.905,10.014,34.816,1.843,
GRB090826068,8.704,2.862,7.424,0.923,
GRB090828099,68.417,3.167,10.752,0.320,
GRB090829672,67.585,2.896,12.288,1.448,
GRB090829702,101.633,2.290,31.232,2.573,
GRB090831317,39.424,0.572,22.272,0.810,
GRB090902401,3.200,1.797,0.896,0.286,
GRB090902462,19.328,0.286,9.024,0.181,
GRB090904058,56.065,1.846,34.305,1.002,
GRB090904581,38.401,3.093,20.992,1.379,
GRB090907017,39.489,4.443,13.248,2.233,
GRB090907808,0.832,0.320,0.448,0.143,
GRB090908314,71.937,6.817,49.409,2.862,
GRB090908341,36.864,0.923,15.872,1.305,
GRB090909487,14.336,2.896,7.168,2.896,
GRB090909854,1.152,2.244,0.384,0.202,
GRB090910812,53.441,13.334,26.881,0.923,
GRB090912660,150.787,2.360,79.361,1.950,
GRB090915650,76.609,1.559,25.792,1.785,
GRB090917661,26.624,1.134,15.360,0.689,
GRB090920035,26.624,1.056,12.800,0.810,
GRB090922539,87.041,0.810,4.864,0.572,
GRB090922605,52.736,1.810,20.224,1.056,
GRB090924625,0.352,0.101,0.096,0.072,
GRB090925389,25.472,3.525,11.456,1.275,
GRB090926181,13.760,0.286,6.528,0.143,
GRB090926914,64.001,1.557,17.408,0.572,
GRB090927422,0.512,0.231,0.320,0.202,
GRB090928646,15.616,2.611,2.816,0.923,
GRB090929190,6.174,1.298,2.816,0.572,
GRB091002685,2.752,3.089,0.640,0.286,
GRB091003191,20.224,0.362,13.312,0.724,
GRB091005679,6.976,0.572,3.136,0.730,
GRB091006360,0.192,0.091,0.064,0.181,
GRB091010113,5.952,0.143,1.088,0.580,
GRB091012783,0.704,2.499,0.320,0.091,
GRB091013989,38.400,2.996,17.152,2.111,
GRB091015129,3.840,0.590,1.472,0.320,
GRB091017861,2.624,0.462,0.960,0.231,
GRB091017985,44.800,3.367,16.640,2.360,
GRB091018957,0.192,0.286,0.064,0.091,
GRB091019750,0.208,0.172,0.016,0.036,
GRB091020900,24.256,7.973,6.912,0.668,
GRB091020977,37.505,0.905,21.696,0.373,
GRB091023021,6.528,1.857,1.792,0.345,
GRB091024372,93.954,5.221,39.937,1.056,
GRB091024380,450.569,2.360,100.610,0.923,
GRB091026485,3.328,0.779,1.536,0.286,
GRB091026550,8.960,1.379,3.840,0.810,
GRB091030613,19.200,0.871,9.472,0.345,
GRB091030828,98.050,4.128,24.832,1.493,
GRB091031500,33.921,0.462,8.192,0.231,
GRB091101143,10.688,0.842,5.056,0.320,
GRB091102607,6.656,3.435,2.813,1.618,
GRB091103912,13.568,6.023,4.288,0.373,
GRB091106762,14.592,16.147,11.008,0.923,
GRB091107635,11.008,10.546,2.048,0.572,
GRB091109895,30.977,4.580,20.224,2.064,
GRB091112737,24.576,0.923,7.680,0.362,
GRB091112928,21.184,0.977,9.664,0.659,
GRB091115177,37.376,2.360,18.432,1.639,
GRB091117080,113.664,2.360,96.000,1.145,
GRB091120191,50.177,2.111,20.992,2.290,
GRB091122163,2.944,1.280,1.600,1.159,
GRB091123081,15.552,1.866,5.376,0.604,
GRB091123298,624.459,3.367,514.313,2.636,
GRB091126333,0.192,0.091,0.128,0.091,
GRB091126389,0.024,0.097,0.016,0.011,
GRB091127976,8.701,0.571,5.120,0.362,
GRB091128285,76.289,1.280,21.760,0.724,
GRB091201089,12.992,2.010,5.952,0.951,
GRB091202072,27.648,3.566,10.240,0.923,
GRB091202219,118.274,8.942,34.817,1.145,
GRB091207333,27.073,0.916,8.000,0.607,
GRB091208410,12.480,5.018,7.168,0.630,
GRB091209001,42.945,8.035,11.392,0.771,
GRB091215234,4.352,0.362,2.304,0.362,
GRB091219462,8.128,1.866,2.048,0.643,
GRB091220442,18.368,0.590,5.696,0.345,
GRB091221870,23.040,5.177,9.216,1.056,
GRB091223191,0.576,0.181,0.192,0.143,
GRB091223511,49.725,1.379,19.840,0.462,
GRB091224373,0.768,0.231,0.384,0.143,
GRB091227294,21.888,0.889,7.232,0.792,
GRB091230260,62.976,3.874,36.096,1.493,
GRB091230712,35.137,3.974,7.424,0.945,
GRB091231206,42.561,3.664,17.984,1.002,
GRB091231540,15.616,2.757,4.352,0.724,
GRB100101028,2.816,0.320,1.344,0.091,
GRB100101988,1.984,2.049,0.832,0.143,
GRB100107074,0.576,0.465,0.032,0.179,
GRB100111176,19.520,5.367,6.784,0.810,
GRB100112418,23.040,0.572,9.472,0.923,
GRB100116897,102.530,1.485,5.504,0.181,
GRB100117879,0.256,0.834,0.064,0.181,
GRB100118100,9.216,6.720,2.560,0.923,
GRB100122616,22.529,2.769,2.304,0.572,
GRB100126460,10.624,12.673,9.088,1.243,
GRB100130729,99.586,2.415,13.312,0.923,
GRB100130777,86.018,6.988,34.049,1.493,
GRB100131730,3.520,0.453,1.408,0.202,
GRB100201588,141.059,4.048,72.193,1.280,
GRB100204024,49.665,1.379,15.104,0.362,
GRB100204566,32.513,2.862,20.480,0.572,
GRB100204858,1.920,2.375,0.256,0.202,
GRB100205490,14.848,2.290,3.584,1.145,
GRB100206563,0.176,0.072,0.064,0.023,
GRB100207665,15.360,3.874,8.192,0.724,
GRB100207721,17.728,6.492,8.768,1.073,
GRB100208386,0.192,0.264,0.128,0.091,
GRB100210101,29.184,5.655,5.632,1.145,
GRB100211440,21.376,0.923,8.960,0.373,
GRB100212550,3.773,0.270,2.368,0.231,
GRB100212588,4.864,1.305,0.960,0.345,
GRB100216422,0.192,0.143,0.128,0.091,
GRB100218194,29.185,5.813,13.696,2.033,
GRB100219026,59.712,4.955,26.880,1.336,
GRB100221368,23.552,1.032,8.960,0.551,
GRB100223110,0.256,0.091,0.064,0.091,
GRB100224112,67.329,6.988,7.936,1.459,
GRB100225115,12.992,1.925,5.056,0.320,
GRB100225249,32.000,20.419,16.896,7.701,
GRB100225580,6.400,1.086,2.304,0.724,
GRB100225703,4.480,1.431,1.920,0.572,
GRB100228544,67.072,4.720,33.280,1.846,
GRB100228873,8.704,2.318,3.072,0.810,
GRB100301068,0.960,1.002,0.064,0.091,
GRB100301223,26.625,1.431,6.784,0.932,
GRB100302061,2.240,1.605,0.640,0.551,
GRB100304004,181.507,21.682,97.538,16.766,
GRB100304534,19.008,2.782,5.888,1.132,
GRB100306199,7.168,2.064,3.328,0.572,
GRB100307928,16.128,2.187,6.400,1.379,
GRB100311518,9.024,1.042,3.968,0.572,
GRB100313288,12.864,2.099,3.904,0.286,
GRB100313509,34.048,2.996,17.408,1.280,
GRB100315361,35.584,2.290,16.896,1.086,
GRB100318611,18.432,0.923,7.168,0.724,
GRB100322045,37.121,0.362,26.369,0.572,
GRB100323542,60.673,3.620,53.505,1.950,
GRB100324172,17.920,2.064,3.840,0.362,
GRB100325246,8.192,1.086,4.608,0.572,
GRB100325275,7.104,1.619,4.096,0.724,
GRB100326294,5.632,2.064,3.584,2.111,
GRB100326402,144.130,26.959,30.465,2.172,
GRB100328141,0.384,0.143,0.192,0.091,
GRB100330309,10.048,0.318,4.096,0.272,
GRB100330856,5.120,0.453,1.024,0.466,
GRB100401297,92.416,4.291,79.616,0.724,
GRB100406758,5.888,2.919,2.557,1.377,
GRB100410356,9.728,2.202,3.328,1.086,
GRB100410740,22.016,4.700,14.080,4.222,
GRB100411516,0.512,0.231,0.448,0.143,
GRB100413732,184.067,7.786,100.610,4.918,
GRB100414097,26.497,2.073,13.248,0.272,
GRB100417166,0.192,0.091,0.128,0.091,
GRB100417789,52.545,1.856,15.552,0.604,
GRB100420008,19.712,1.144,8.192,0.362,
GRB100421917,62.465,1.639,12.544,0.572,
GRB100423244,16.512,2.226,6.976,0.362,
GRB100424729,175.363,1.086,81.665,1.379,
GRB100424876,169.987,3.557,20.480,2.290,
GRB100427356,12.544,7.389,4.544,0.630,
GRB100429999,25.024,6.582,6.656,0.547,
GRB100502356,95.810,2.382,53.633,1.118,
GRB100503554,139.779,0.923,41.217,1.379,
GRB100504806,16.512,1.810,8.320,1.834,
GRB100506653,21.376,1.891,6.976,0.800,
GRB100507577,44.033,5.221,14.336,1.448,
GRB100510810,31.169,4.017,10.368,0.975,
GRB100511035,42.433,1.478,9.408,0.091,
GRB100513879,11.136,1.145,3.456,0.286,
GRB100515467,10.624,1.431,1.920,0.231,
GRB100516369,2.112,1.134,1.024,0.771,
GRB100516396,0.640,0.487,0.128,0.143,
GRB100517072,55.808,1.810,36.352,0.572,
GRB100517132,19.840,3.620,9.856,1.708,
GRB100517154,30.464,0.810,24.576,0.572,
GRB100517243,29.633,4.482,10.816,0.889,
GRB100517639,5.440,0.604,2.816,0.231,
GRB100519204,62.913,3.929,24.960,0.680,
GRB100522157,35.326,0.715,11.712,1.541,
GRB100525744,1.472,1.974,0.576,0.462,
GRB100527795,190.979,6.759,32.769,1.056,
GRB100528075,22.464,0.749,7.040,0.091,
GRB100530737,3.328,0.810,2.048,0.572,
GRB100604287,13.440,0.871,3.968,0.231,
GRB100605774,8.192,2.862,3.072,0.810,
GRB100608382,30.208,1.619,14.848,1.619,
GRB100609783,111.618,2.111,34.049,0.724,
GRB100612545,0.576,0.181,0.320,0.143,
GRB100612726,8.576,3.210,2.624,0.286,
GRB100614498,172.291,12.447,72.193,5.346,
GRB100615083,37.377,0.979,26.368,0.689,
GRB100616773,0.192,0.143,0.128,0.091,
GRB100619015,96.002,1.319,80.641,0.231,
GRB100620119,51.841,8.518,11.520,0.861,
GRB100621452,122.626,0.923,84.481,0.572,
GRB100621529,1.024,0.202,0.384,0.143,
GRB100625773,0.240,0.276,0.128,0.051,
GRB100625891,29.184,1.086,18.432,0.923,
GRB100629801,0.832,0.373,0.320,0.143,
GRB100701490,22.016,5.568,4.992,0.264,
GRB100704149,171.523,2.673,7.936,0.923,
GRB100706693,0.128,0.143,0.064,0.091,
GRB100707032,81.793,1.218,20.672,0.345,
GRB100709602,100.098,1.527,61.505,0.724,
GRB100713980,7.616,0.529,1.472,0.407,
GRB100714672,35.584,5.126,15.360,1.379,
GRB100714686,5.632,2.064,1.280,0.572,
GRB100715477,14.848,3.665,5.632,2.172,
GRB100717372,5.952,1.507,0.832,0.286,
GRB100717446,2.432,1.356,0.768,0.231,
GRB100718160,32.641,1.864,8.576,1.379,
GRB100718796,38.656,8.002,12.544,1.280,
GRB100719311,1.600,0.854,0.512,0.286,
GRB100719825,3.072,3.114,1.280,0.724,
GRB100719989,21.824,1.305,3.328,0.580,
GRB100722096,7.165,1.055,2.560,0.362,
GRB100722291,1.280,0.905,0.384,0.916,
GRB100724029,114.690,3.238,47.105,2.290,
GRB100725475,146.434,4.971,124.930,3.692,
GRB100727238,23.808,2.769,10.240,1.950,
GRB100728095,165.378,2.896,61.953,1.448,
GRB100728439,10.240,1.846,3.584,0.572,
GRB100730463,63.873,8.776,33.409,9.026,
GRB100802240,28.672,3.167,11.008,1.619,
GRB100804104,6.592,0.771,3.456,0.286,
GRB100805300,0.064,0.072,0.064,0.045,
GRB100805845,58.430,6.426,30.721,2.111,
GRB100810049,2.560,1.741,1.152,0.659,
GRB100811108,0.384,0.091,0.256,0.091,
GRB100811781,78.080,3.840,48.384,1.619,
GRB100814160,150.530,1.619,72.193,1.619,
GRB100814351,7.424,0.923,3.072,0.724,
GRB100816009,62.401,5.278,22.720,0.923,
GRB100816026,2.045,0.229,0.896,0.143,
GRB100819498,12.544,1.810,5.376,0.680,
GRB100820373,8.960,2.187,1.792,0.572,
GRB100825287,3.328,1.846,1.536,0.362,
GRB100826957,84.993,0.724,47.105,0.572,
GRB100827455,0.576,0.389,0.128,0.389,
GRB100829374,94.977,2.767,11.520,1.086,
GRB100829876,8.704,0.389,1.344,0.143,
GRB100831651,40.193,11.986,18.944,2.636,
GRB100902990,22.272,3.338,8.704,1.305,
GRB100905907,11.520,1.145,3.584,0.572,
GRB100906576,110.594,2.828,18.944,1.305,
GRB100907751,5.376,2.187,1.536,0.923,
GRB100910818,13.824,0.724,6.656,0.572,
GRB100911816,5.632,1.999,2.304,0.724,
GRB100915243,7.936,3.367,2.304,1.619,
GRB100916779,12.800,2.111,10.240,0.810,
GRB100918863,88.834,0.810,50.945,0.724,
GRB100919884,49.601,2.975,16.128,2.073,
GRB100922625,4.352,0.923,3.072,0.724,
GRB100923844,51.713,5.838,9.984,0.923,
GRB100924165,9.024,0.362,3.776,0.231,
GRB100926595,32.256,0.572,13.568,0.572,
GRB100926694,37.888,2.611,28.416,3.415,
GRB100929235,8.192,2.360,3.072,0.923,
GRB100929315,4.608,1.305,1.536,0.724,
GRB100929916,0.320,0.143,0.256,0.143,
GRB101002279,7.168,2.290,5.632,1.086,
GRB101003244,9.984,1.448,3.840,0.572,
GRB101004426,161.027,7.836,93.698,2.673,
GRB101008697,8.960,1.846,3.072,1.557,
GRB101010190,65.025,6.165,49.665,1.086,
GRB101011707,36.352,2.318,22.528,1.717,
GRB101013412,15.360,0.572,7.680,0.272,
GRB101014175,449.415,1.409,200.131,1.002,
GRB101015558,508.168,2.673,198.147,2.757,
GRB101016243,3.840,0.362,1.280,0.362,
GRB101017619,47.872,1.950,20.224,2.360,
GRB101021009,120.770,12.237,40.065,0.861,
GRB101021063,1.536,2.360,0.768,0.362,
GRB101023951,76.801,8.256,9.216,1.448,
GRB101024486,20.224,2.828,13.824,4.128,
GRB101025146,14.336,1.846,6.400,0.923,
GRB101025267,30.976,0.923,13.824,0.724,
GRB101026034,0.256,0.091,0.192,0.143,
GRB101027230,1.344,1.802,0.128,0.091,
GRB101030664,95.746,4.375,65.537,0.923,
GRB101031625,0.384,0.462,0.192,0.143,
GRB101101744,3.328,2.862,1.024,0.572,
GRB101101899,31.232,1.619,13.824,1.145,
GRB101102840,43.520,6.676,19.200,3.367,
GRB101104810,1.280,0.572,0.768,0.572,
GRB101107011,375.814,8.444,332.805,3.692,
GRB101112924,9.472,2.996,1.792,0.572,
GRB101112984,82.944,1.717,55.808,1.086,
GRB101113483,12.288,0.572,6.912,0.572,
GRB101116481,0.576,0.820,0.384,0.373,
GRB101117496,50.177,1.639,24.064,1.086,
GRB101119685,0.640,0.607,0.192,0.231,
GRB101123952,103.938,0.572,36.353,0.810,
GRB101126198,43.837,1.747,9.216,0.320,
GRB101127093,29.440,4.471,22.016,1.145,
GRB101127102,60.672,7.322,20.224,0.724,
GRB101128322,8.192,1.493,2.816,0.572,
GRB101129652,0.384,0.143,0.192,0.181,
GRB101129726,0.576,0.202,0.320,0.091,
GRB101130074,7.168,3.482,3.328,1.717,
GRB101201418,112.639,7.455,35.841,2.896,
GRB101202154,18.432,3.665,9.984,1.846,
GRB101204343,0.128,0.091,0.128,0.091,
GRB101205309,7.936,5.938,3.072,1.619,
GRB101206036,34.813,5.837,11.200,1.652,
GRB101207536,61.441,3.727,34.817,0.572,
GRB101208203,0.192,1.478,0.192,0.143,
GRB101208498,2.048,0.951,0.384,0.181,
GRB101211485,13.568,7.030,4.352,0.724,
GRB101213451,45.057,1.950,17.408,1.280,
GRB101213849,5.120,1.639,1.792,0.572,
GRB101214748,2.240,2.084,0.128,0.202,
GRB101214993,11.520,3.665,5.373,2.360,
GRB101216721,1.917,0.551,0.512,0.143,
GRB101219686,51.009,1.775,21.824,2.199,
GRB101220576,72.449,4.048,22.528,0.923,
GRB101220864,31.745,2.187,17.408,2.896,
GRB101223834,56.065,5.497,13.824,1.280,
GRB101224227,1.728,1.680,0.192,0.286,
GRB101224578,44.737,0.889,32.257,0.810,
GRB101224614,25.601,3.416,8.448,1.280,
GRB101224998,18.688,8.719,7.424,0.362,
GRB101225377,81.218,35.377,12.352,0.453,
GRB101227195,95.488,1.639,86.784,3.665,
GRB101227406,153.347,2.573,39.681,0.923,
GRB101227536,28.864,3.088,10.496,0.362,
GRB101231067,23.613,0.572,16.640,0.724,
GRB110101202,3.584,1.493,1.024,1.086,
GRB110101506,235.523,8.256,158.722,8.749,
GRB110102788,253.956,2.049,73.921,0.429,
GRB110105877,123.394,6.476,72.705,3.238,
GRB110106893,35.521,3.612,11.648,0.604,
GRB110107886,183.555,24.407,81.665,11.801,
GRB110108977,51.456,6.955,25.856,1.950,
GRB110112934,2.304,2.538,0.320,0.326,
GRB110117364,72.448,9.051,41.472,4.404,
GRB110117626,43.264,1.639,24.576,0.362,
GRB110118857,34.561,2.360,4.096,0.810,
GRB110119931,205.828,1.864,44.033,0.923,
GRB110120666,26.173,1.568,6.400,0.572,
GRB110123804,17.856,0.810,8.064,0.181,
GRB110124784,5.376,2.202,1.792,0.923,
GRB110125894,4.800,0.923,1.856,0.640,
GRB110128073,12.160,4.971,4.608,2.470,
GRB110130230,47.360,2.187,32.000,1.280,
GRB110131780,0.384,1.478,0.192,0.264,
GRB110201399,8.192,0.870,3.968,1.421,
GRB110204179,28.672,6.720,5.888,1.280,
GRB110205027,5.376,3.278,0.512,0.923,
GRB110205588,158.720,2.290,138.240,2.896,
GRB110206202,12.288,1.639,4.864,0.810,
GRB110207470,37.888,2.290,20.480,1.448,
GRB110207959,7.680,4.944,3.328,2.611,
GRB110209165,5.632,0.916,2.432,0.640,
GRB110212550,0.064,0.036,0.032,0.023,
GRB110213220,34.305,1.639,6.400,0.572,
GRB110213876,0.448,0.870,0.192,0.231,
GRB110217591,60.672,11.611,30.464,4.720,
GRB110220761,33.024,8.738,17.408,2.111,
GRB110221244,13.056,1.846,4.096,0.572,
GRB110226989,14.080,0.923,6.400,0.724,
GRB110227009,1.728,0.653,0.768,0.264,
GRB110227229,18.432,2.187,8.192,2.290,
GRB110227420,25.600,6.869,6.141,1.446,
GRB110228011,44.481,2.834,7.680,0.792,
GRB110228792,17.152,2.360,9.472,1.448,
GRB110301214,5.693,0.362,2.304,0.362,
GRB110302043,38.336,2.509,11.392,1.105,
GRB110304071,19.520,1.498,14.848,0.854,
GRB110307972,2.304,3.444,0.768,0.572,
GRB110311812,6.400,1.639,2.816,0.362,
GRB110316139,2.944,2.199,1.280,1.802,
GRB110318552,14.464,1.094,4.096,0.231,
GRB110319628,15.104,1.379,7.680,0.923,
GRB110319815,31.232,5.049,15.360,3.367,
GRB110321346,30.720,10.764,11.264,2.187,
GRB110322558,36.097,1.846,23.296,0.923,
GRB110328520,83.970,3.482,27.137,1.379,
GRB110331604,3.200,0.951,1.152,0.634,
GRB110401920,2.368,1.270,0.640,0.143,
GRB110402009,35.649,1.461,21.952,1.223,
GRB110407998,9.024,0.091,3.840,0.143,
GRB110409179,0.128,0.143,0.128,0.091,
GRB110410133,61.952,1.379,32.256,0.572,
GRB110410772,7.424,0.810,3.584,0.362,
GRB110411629,23.552,1.950,12.800,0.810,
GRB110412315,20.733,4.636,6.912,0.724,
GRB110413938,54.272,2.172,20.736,2.996,
GRB110415541,166.146,0.810,154.370,6.197,
GRB110420946,0.128,0.516,0.064,0.143,
GRB110421757,40.449,0.923,12.032,0.572,
GRB110422029,0.320,0.453,0.256,0.181,
GRB110424758,0.672,1.120,0.128,0.385,
GRB110426629,356.357,4.345,105.729,3.167,
GRB110428338,101.634,2.919,59.137,1.280,
GRB110428388,5.632,0.181,3.328,0.091,
GRB110430375,32.513,1.717,13.824,0.724,
GRB110503145,7.936,1.145,3.584,0.572,
GRB110505203,4.096,0.545,1.600,0.231,
GRB110509142,68.864,2.757,20.992,4.104,
GRB110509475,0.640,0.779,0.384,0.143,
GRB110511616,5.888,1.639,2.560,1.086,
GRB110517453,0.576,1.810,0.128,0.405,
GRB110517573,23.040,0.362,16.384,0.572,
GRB110520302,12.288,11.336,5.376,0.923,
GRB110521478,6.141,0.809,1.792,0.572,
GRB110522256,28.160,2.673,10.752,1.056,
GRB110522296,27.136,1.950,6.656,0.724,
GRB110522633,58.112,2.828,20.736,0.572,
GRB110523344,44.544,2.611,18.176,5.655,
GRB110526715,0.448,0.045,0.208,0.036,
GRB110528624,69.633,5.526,37.120,1.846,
GRB110529034,0.512,0.091,0.256,0.091,
GRB110529262,45.825,1.810,18.432,0.572,
GRB110529811,34.816,4.636,14.080,0.923,
GRB110531448,38.656,2.360,14.592,1.145,
GRB110601681,52.206,13.350,21.504,2.290,
GRB110605183,82.689,3.083,24.064,0.572,
GRB110605780,1.536,1.056,0.768,0.572,
GRB110609185,9.984,4.471,2.816,1.280,
GRB110609425,33.024,2.896,15.360,1.280,
GRB110610640,43.521,2.862,30.720,1.056,
GRB110613631,40.193,3.874,20.480,1.145,
GRB110616648,12.544,2.611,4.864,1.493,
GRB110618366,163.843,11.406,51.201,2.290,
GRB110618760,89.601,4.291,22.528,0.923,
GRB110622158,70.401,0.773,22.976,0.286,
GRB110624906,3.520,1.134,1.408,0.429,
GRB110625579,33.281,4.924,9.472,0.923,
GRB110625881,26.881,0.572,14.080,0.362,
GRB110626448,6.400,1.145,2.048,0.724,
GRB110629174,61.694,18.690,36.609,1.056,
GRB110702187,34.369,5.736,16.384,0.640,
GRB110703557,6.720,1.619,1.344,0.232,
GRB110705151,0.192,0.036,0.128,0.023,
GRB110705364,19.200,0.923,10.752,0.572,
GRB110706202,12.032,4.382,5.888,2.828,
GRB110706477,73.217,14.612,16.640,0.923,
GRB110706728,16.896,6.339,10.752,0.286,
GRB110706977,33.217,4.007,6.912,0.362,
GRB110709463,24.061,0.722,15.360,0.362,
GRB110709642,43.201,0.405,19.648,0.231,
GRB110709862,5.376,1.493,2.304,0.572,
GRB110710954,22.720,1.604,9.856,0.202,
GRB110716018,7.168,1.747,1.024,0.320,
GRB110717180,0.112,0.072,0.032,0.023,
GRB110717319,90.369,0.810,25.344,0.572,
GRB110720177,11.200,0.602,4.352,0.362,
GRB110721200,21.822,0.572,5.376,0.572,
GRB110722694,73.473,11.404,22.336,1.484,
GRB110722710,14.336,2.721,4.348,0.920,
GRB110725236,20.224,1.056,17.408,0.724,
GRB110726211,29.953,10.608,13.312,0.923,
GRB110728056,0.704,0.231,0.576,0.320,
GRB110729142,408.582,2.290,354.310,2.290,
GRB110730008,28.416,2.919,11.520,2.429,
GRB110730660,33.856,1.811,14.656,0.572,
GRB110731465,7.485,0.572,4.352,0.362,
GRB110801335,0.384,0.326,0.192,0.181,
GRB110803783,186.883,2.986,153.091,3.727,
GRB110806934,28.416,0.923,13.824,0.362,
GRB110809461,12.544,4.615,2.816,0.724,
GRB110812899,11.264,3.727,3.072,0.572,
GRB110813237,22.784,3.114,4.608,0.810,
GRB110817191,5.949,0.572,2.048,0.362,
GRB110818860,67.073,3.916,28.928,1.379,
GRB110819665,16.384,6.149,2.560,1.145,
GRB110820476,11.264,7.331,2.816,1.493,
GRB110824009,76.607,9.220,22.016,5.910,
GRB110825102,62.465,0.231,4.608,0.091,
GRB110825265,48.128,1.493,24.064,0.923,
GRB110828575,44.673,7.534,12.288,2.064,
GRB110831282,98.881,3.138,35.965,1.104,
GRB110901230,22.528,5.620,8.960,3.114,
GRB110903009,27.133,0.571,19.968,0.362,
GRB110903111,341.254,2.288,203.779,2.290,
GRB110904124,83.905,3.853,14.848,0.724,
GRB110904163,51.457,4.128,7.424,0.362,
GRB110904531,20.480,5.479,8.192,0.923,
GRB110906302,23.936,2.550,6.016,0.286,
GRB110909116,20.736,1.639,6.400,0.724,
GRB110911071,8.960,4.352,3.840,2.429,
GRB110916016,1.792,1.993,0.704,0.551,
GRB110919634,35.073,3.974,12.032,0.810,
GRB110920338,9.728,0.810,3.584,0.362,
GRB110920546,160.771,5.221,58.369,2.290,
GRB110921444,149.507,10.691,83.969,23.641,
GRB110921577,40.705,1.810,17.920,1.379,
GRB110921912,17.664,0.345,5.376,0.143,
GRB110923481,1.664,0.264,0.640,0.286,
GRB110923835,46.398,11.279,12.800,1.619,
GRB110926107,75.265,1.280,49.921,0.487,
GRB110928180,148.226,1.925,15.424,0.500,
GRB110929187,5.120,0.572,1.792,0.362,
GRB110930564,37.889,5.431,15.616,1.864,
GRB111001804,0.384,1.361,0.256,0.286,
GRB111003465,16.640,1.056,7.168,0.362,
GRB111005398,30.720,3.093,9.472,0.724,
GRB111008992,42.496,4.128,18.176,0.923,
GRB111009282,20.736,4.221,6.144,1.448,
GRB111010237,82.433,8.444,27.648,2.896,
GRB111010660,8.704,2.111,4.864,0.724,
GRB111010709,52.993,0.923,35.840,0.572,
GRB111010899,18.560,2.988,3.328,0.916,
GRB111011094,1.472,0.771,0.192,0.143,
GRB111012456,20.736,0.724,8.448,0.572,
GRB111012811,7.936,1.145,3.072,0.724,
GRB111015427,92.737,3.319,50.177,1.361,
GRB111017657,11.072,0.410,3.520,0.181,
GRB111018595,8.192,1.864,3.584,1.056,
GRB111018785,29.697,1.810,13.824,1.280,
GRB111022854,0.192,0.707,0.128,0.091,
GRB111024722,65.025,1.639,31.488,4.636,
GRB111024896,0.960,1.032,0.256,0.143,
GRB111025078,51.712,2.202,31.488,1.280,
GRB111103441,11.968,6.426,7.680,0.724,
GRB111103948,0.320,0.181,0.192,0.202,
GRB111105457,43.264,0.572,32.512,1.557,
GRB111107035,12.032,0.923,5.376,1.086,
GRB111107076,77.185,0.810,41.025,0.410,
GRB111109453,4.864,2.757,1.792,1.145,
GRB111109873,9.664,6.457,3.200,1.175,
GRB111112908,0.224,0.097,0.096,0.045,
GRB111113410,15.360,1.639,5.120,1.145,
GRB111114233,22.016,2.673,9.216,1.145,
GRB111117510,0.432,0.082,0.352,0.036,
GRB111117526,23.808,1.717,13.824,0.923,
GRB111120556,98.626,2.970,17.408,1.448,
GRB111124308,8.960,3.114,3.072,0.923,
GRB111127810,19.008,2.548,4.352,0.286,
GRB111201599,16.896,3.974,8.448,1.846,
GRB111203054,55.553,5.684,14.080,1.557,
GRB111203609,22.016,6.734,9.984,6.446,
GRB111207512,0.768,1.145,0.512,0.181,
GRB111208353,40.961,4.345,11.264,2.290,
GRB111216389,81.921,0.724,32.769,0.724,
GRB111220486,39.041,5.101,13.760,0.231,
GRB111221739,27.136,7.186,12.288,11.779,
GRB111222619,0.288,0.036,0.144,0.023,
GRB111226795,74.753,8.749,22.528,2.290,
GRB111228453,2.944,0.979,1.280,0.231,
GRB111228657,99.842,2.111,46.337,0.724,
GRB111230683,28.160,1.557,8.192,1.379,
GRB111230819,12.736,1.145,9.216,0.572,
GRB111231622,8.256,4.136,3.264,1.332,
GRB120101354,0.128,0.072,0.064,0.091,
GRB120102095,28.416,8.204,4.032,0.231,
GRB120102416,20.224,2.769,4.096,0.923,
GRB120105584,22.528,2.202,6.400,1.864,
GRB120107384,23.040,0.143,16.192,0.231,
GRB120109824,38.656,3.114,17.152,1.619,
GRB120111051,76.801,5.514,25.600,4.580,
GRB120114433,2.752,1.569,1.408,1.120,
GRB120114681,43.264,5.804,11.264,0.810,
GRB120117291,3.328,1.600,1.600,1.946,
GRB120118709,37.825,12.586,10.752,1.145,
GRB120118898,17.152,2.111,12.800,0.362,
GRB120119170,55.297,6.229,16.384,1.448,
GRB120119229,41.728,1.557,19.712,1.056,
GRB120119354,16.896,3.278,5.632,0.923,
GRB120120432,32.256,6.481,13.312,1.717,
GRB120121101,18.432,3.727,6.144,0.724,
GRB120121251,37.121,11.876,10.752,0.572,
GRB120122300,16.701,1.881,5.632,0.923,
GRB120129312,1.280,0.689,0.384,0.362,
GRB120129580,3.072,0.362,1.536,0.362,
GRB120130699,27.776,0.694,13.184,0.462,
GRB120130906,3.584,1.379,2.048,0.572,
GRB120130938,38.913,7.455,9.216,2.290,
GRB120203812,10.240,2.429,2.560,0.572,
GRB120204054,49.089,0.429,13.568,0.143,
GRB120205285,0.576,0.272,0.320,0.143,
GRB120206949,9.472,3.338,1.024,0.362,
GRB120210650,1.344,0.264,0.704,0.181,
GRB120212353,0.864,0.577,0.480,0.611,
GRB120212383,9.216,0.724,3.584,1.145,
GRB120213606,13.824,3.328,4.352,0.362,
GRB120217808,5.888,2.862,1.536,0.572,
GRB120217904,2.624,0.300,0.384,0.143,
GRB120218276,256.260,5.221,191.235,1.999,
GRB120219563,8.128,0.429,4.544,0.410,
GRB120220210,21.248,1.639,9.216,1.379,
GRB120222021,1.088,0.143,0.512,0.143,
GRB120222119,29.440,5.382,9.728,1.846,
GRB120223933,14.336,2.360,4.352,0.724,
GRB120224282,60.929,3.093,44.033,1.379,
GRB120224898,29.184,4.222,12.288,1.086,
GRB120226447,14.592,3.916,4.864,0.362,
GRB120226871,52.993,0.572,23.040,0.572,
GRB120227391,19.712,1.717,12.032,0.572,
GRB120227725,17.408,0.810,6.656,0.572,
GRB120302080,80.384,16.927,43.776,2.521,
GRB120302722,1.600,0.779,0.512,0.466,
GRB120304061,9.984,1.055,3.328,0.362,
GRB120304248,5.376,0.572,3.072,0.572,
GRB120308588,25.600,1.557,2.048,0.362,
GRB120312671,13.312,3.167,4.608,0.923,
GRB120314412,1.280,1.086,0.768,0.923,
GRB120316008,26.624,0.362,11.264,0.810,
GRB120319983,72.448,7.832,40.448,3.114,
GRB120323162,4.352,0.724,1.536,0.362,
GRB120323507,0.384,0.036,0.112,0.023,
GRB120326056,11.776,1.810,4.096,0.724,
GRB120327418,0.256,1.319,0.128,1.032,
GRB120328268,29.697,1.056,14.848,0.572,
GRB120331055,16.384,10.367,1.280,3.328,
GRB120402669,20.224,0.810,2.524,0.572,
GRB120403857,4.288,1.935,1.408,1.620,
GRB120410585,1.088,1.180,0.192,0.143,
GRB120411925,38.912,1.493,35.072,1.145,
GRB120412055,9.728,3.566,3.584,1.717,
GRB120412920,101.182,4.871,11.264,0.572,
GRB120415076,12.544,4.128,3.584,0.923,
GRB120415891,0.960,0.264,0.320,0.181,
GRB120415958,12.544,1.717,4.096,0.724,
GRB120420249,25.600,4.419,6.912,0.923,
GRB120420858,254.913,4.222,124.866,3.238,
GRB120426090,2.688,0.091,1.088,0.091,
GRB120426585,30.973,3.620,13.824,0.810,
GRB120427054,5.376,0.572,1.792,0.362,
GRB120427153,22.784,1.999,11.520,1.086,
GRB120429003,1.664,0.968,0.640,0.326,
GRB120429484,15.360,1.619,10.240,1.145,
GRB120430980,14.592,2.172,7.168,1.717,
GRB120504468,41.985,2.673,20.480,0.724,
GRB120504945,5.760,0.779,2.048,0.405,
GRB120506128,2.304,1.379,1.280,0.724,
GRB120509619,0.704,1.404,0.320,0.143,
GRB120510900,62.465,3.908,27.392,1.493,
GRB120511638,45.249,2.940,24.576,4.580,
GRB120512112,18.176,1.350,7.360,0.345,
GRB120513531,23.808,0.923,9.984,8.764,
GRB120519721,1.056,0.451,0.384,0.045,
GRB120520949,5.760,1.356,3.456,0.345,
GRB120521380,91.134,4.222,19.456,2.896,
GRB120522361,28.160,8.039,8.448,1.056,
GRB120524134,0.704,0.466,0.256,0.143,
GRB120526303,43.649,1.002,24.448,0.272,
GRB120528442,16.384,5.177,5.376,0.362,
GRB120530121,77.054,1.810,51.457,0.572,
GRB120531393,25.344,7.186,7.424,0.923,
GRB120603439,0.384,0.345,0.256,0.091,
GRB120604220,10.496,5.615,4.352,2.111,
GRB120604343,12.032,3.278,5.632,1.280,
GRB120605453,18.112,1.086,3.389,1.557,
GRB120608489,0.960,1.611,0.448,0.326,
GRB120608777,24.832,3.840,9.216,0.810,
GRB120609580,1.792,0.810,1.024,0.362,
GRB120611108,49.921,1.639,27.392,1.846,
GRB120612680,63.232,7.886,32.256,1.950,
GRB120612687,0.256,0.453,0.192,0.143,
GRB120616630,0.048,0.484,0.032,0.036,
GRB120618128,17.600,1.820,5.888,0.572,
GRB120618919,47.616,12.299,14.848,0.724,
GRB120619884,0.960,0.960,0.384,0.181,
GRB120624309,0.640,0.160,0.160,0.072,
GRB120624933,271.364,4.580,112.642,4.580,
GRB120625119,7.424,0.571,2.560,0.362,
GRB120629565,0.704,1.026,0.320,0.405,
GRB120701654,1.024,1.451,0.128,1.313,
GRB120702891,35.073,4.924,15.360,2.111,
GRB120703417,64.513,3.083,36.609,2.064,
GRB120703498,77.568,2.187,34.304,11.531,
GRB120703726,8.960,1.379,1.536,0.362,
GRB120707800,40.960,4.238,16.640,0.724,
GRB120709883,27.328,0.958,11.776,0.362,
GRB120710100,131.840,1.056,94.720,5.382,
GRB120711115,44.033,0.724,25.088,0.724,
GRB120711446,87.552,3.874,45.312,1.379,
GRB120712571,22.528,5.431,7.424,0.572,
GRB120713226,13.824,3.435,5.888,3.482,
GRB120715066,29.696,3.083,14.080,1.145,
GRB120716577,24.960,3.958,7.680,0.820,
GRB120716712,226.048,1.056,23.296,0.362,
GRB120719146,75.009,3.114,32.513,1.086,
GRB120727354,0.896,1.280,0.512,0.462,
GRB120727681,10.496,1.639,4.125,1.448,
GRB120728434,100.481,6.623,50.753,1.132,
GRB120728934,32.768,2.429,13.568,0.923,
GRB120729456,25.472,2.612,8.320,0.345,
GRB120801920,479.239,23.752,435.206,1.448,
GRB120805706,1.856,1.296,0.768,0.410,
GRB120806007,26.624,1.557,7.680,0.810,
GRB120811014,0.448,0.091,0.320,0.091,
GRB120811649,14.336,6.557,6.144,2.721,
GRB120814201,0.896,1.032,0.512,0.231,
GRB120814803,0.192,0.272,0.128,0.181,
GRB120817057,36.864,4.672,11.520,1.448,
GRB120817168,0.160,0.113,0.032,0.023,
GRB120819048,66.304,1.379,59.392,0.572,
GRB120820585,107.522,9.159,33.025,5.790,
GRB120822628,1.536,0.842,0.768,0.707,
GRB120824594,111.618,7.241,29.697,3.692,
GRB120827216,5.056,2.127,1.984,0.269,
GRB120830212,16.064,3.649,4.032,0.640,
GRB120830297,0.896,0.231,0.576,0.181,
GRB120830702,49.665,4.382,22.784,0.572,
GRB120831901,0.384,0.547,0.128,0.143,
GRB120905657,195.587,16.795,83.969,7.384,
GRB120907017,5.760,1.778,1.152,0.462,
GRB120908873,46.849,2.611,13.824,0.724,
GRB120908938,66.945,2.988,32.193,8.262,
GRB120909070,112.066,10.419,68.865,3.661,
GRB120911298,22.016,1.833,7.936,1.305,
GRB120913846,33.792,1.379,22.272,0.724,
GRB120913997,130.050,3.566,47.105,1.056,
GRB120914144,10.240,4.048,2.304,1.056,
GRB120915000,0.576,1.318,0.320,0.091,
GRB120915474,5.888,0.923,3.328,1.145,
GRB120916085,1.280,1.493,0.896,0.528,
GRB120916173,52.993,0.810,20.480,0.362,
GRB120919052,118.018,0.362,12.288,0.362,
GRB120919309,21.248,1.810,2.816,0.572,
GRB120919816,20.480,1.305,6.656,0.810,
GRB120920003,28.160,4.382,12.288,1.999,
GRB120921877,5.632,1.145,1.280,0.572,
GRB120922939,182.275,19.777,95.234,4.580,
GRB120926335,4.288,1.833,1.536,0.362,
GRB120926426,60.161,3.482,10.752,1.305,
GRB120926753,3.072,2.064,1.280,1.305,
GRB121004211,1.536,0.572,0.768,0.362,
GRB121005030,96.768,3.556,26.880,13.373,
GRB121005340,141.568,3.665,98.048,2.290,
GRB121008424,3.456,0.345,2.304,0.181,
GRB121011469,65.793,4.382,18.176,1.305,
GRB121012724,0.448,0.091,0.256,0.143,
GRB121014638,0.576,0.979,0.192,0.181,
GRB121019233,14.336,7.907,6.912,4.238,
GRB121023322,0.512,0.181,0.320,0.091,
GRB121027038,166.915,3.692,93.442,2.415,
GRB121028280,11.008,2.360,3.328,0.724,
GRB121029350,15.808,0.572,2.816,0.572,
GRB121031949,242.436,4.404,193.795,1.145,
GRB121102064,2.048,1.379,1.280,0.572,
GRB121104627,59.137,7.241,20.224,3.665,
GRB121109338,22.144,2.919,5.824,0.272,
GRB121112806,1.280,1.358,0.384,0.590,
GRB121113544,95.490,2.611,49.665,0.572,
GRB121116459,0.832,0.590,0.448,0.181,
GRB121117018,331.782,4.048,48.385,2.986,
GRB121118576,33.277,0.808,17.920,0.724,
GRB121119579,2.304,0.429,1.024,0.202,
GRB121122564,8.704,0.724,3.072,0.572,
GRB121122870,125.439,0.724,108.290,0.724,
GRB121122885,7.936,0.572,3.584,0.362,
GRB121123421,102.338,31.849,34.624,8.155,
GRB121123442,42.497,1.999,17.408,0.572,
GRB121124606,0.256,0.842,0.128,0.143,
GRB121125356,49.857,2.099,25.088,0.724,
GRB121125469,12.864,4.844,4.416,1.088,
GRB121127914,0.640,0.405,0.128,0.091,
GRB121128212,17.344,0.923,6.016,0.181,
GRB121202181,17.152,1.999,10.240,1.145,
GRB121205507,2.816,0.231,2.432,0.272,
GRB121210081,12.800,3.238,7.164,1.448,
GRB121211574,5.632,1.717,2.048,1.145,
GRB121211695,8.960,1.864,3.328,0.362,
GRB121216419,9.216,2.560,5.120,0.810,
GRB121217313,828.672,11.363,736.512,1.280,
GRB121220311,5.120,0.810,3.584,0.724,
GRB121221916,38.913,2.290,14.336,2.896,
GRB121223300,11.005,0.724,4.096,0.362,
GRB121225417,58.497,0.820,35.585,0.181,
GRB121229533,23.037,1.810,6.656,0.724,
GRB121231445,32.768,5.152,13.312,2.318,